 0  0  0  0  0  0  0  0  0  0  0  0  0  0  0  0  0  0  0  0  0  0  0  0  0  0  0  0
 0  0  0  0  0  0  0  0  0  0  0  0  0  0  0  0  0  0  0  0  0  0  0  0  0  0  0  0
 0  0  0  0  0  0  0  0  0  0  0  0  0  0  0  0  0  0  0  0  0  0  0  0  0  0  0  0
10 10 10 10 10 10 10 70 80 10 10 10 10 10 10 10 10 10 10 70 80 10 10 10 10 10 10 10
 +  -  -  -  -  -  + 33 31  n  p  p  p  p  p  p  p  p  n 33 31  +  -  -  -  -  -  +
12 12 12 12 12 61  | 33 31  p 20 30 30 30 30 30 30 21  p 33 31  | 60 12 12 12 12 12
00 10 10 10 10 62  | 23 22  p 23 32 32 91 90 32 32 22  p 23 22  | 63 10 10 10 10 01
13  N  p  p  p  p  n  p  p  n  p  p  n 33 31  n  p  p  n  p  p  n  p  p  p  p  N 11
13  p 20 30 30 30 30 30 21  p 20 21  p 33 31  p 20 21  p 20 30 30 30 30 30 21  p 11
13  p 33 90 32 32 32 32 22  p 33 31  p 33 31  p 33 31  p 23 32 32 32 32 91 31  p 11
13  p 33 31  n  p  p  p  p  n 33 31  p 23 22  p 33 31  n  p  p  p  p  n 33 31  p 11
13  p 33 31  p 20 30 30 21  | 33 31  n  p  p  n 33 31  | 20 30 30 21  p 33 31  p 11
13  p 23 22  p 23 32 91 31  | 33 93 30 30 30 30 92 31  | 33 90 32 22  p 23 22  p 11
13  n  p  p  n  p  n 33 31  | 23 32 32 32 32 32 32 22  | 33 31  n  p  n  p  p  n 11
03 12 12 12 12 61  p 33 31  +  -  -  -  -  -  -  -  -  H 33 31  p 60 12 12 12 12 02
00 10 10 10 10 62  p 33 31  | 40 50 50  0  0 50 50 41  | 33 31  p 63 10 10 10 10 01
13  n  p  p  p  p  n 33 31  | 53  0  0  0  0  0  0 51  | 33 31  n  p  p  p  p  n 11
13  p 20 30 30 21  p 23 22  | 53  0  0  0  0  0  0 51  | 23 22  p 20 30 30 21  p 11
13  p 23 32 91 31  n  -  -  + 53  0  0  0  0  0  0 51  +  -  -  n 33 90 32 22  p 11
13  n  p  n 33 31  p 20 21  | 43 52 52 52 52 52 52 42  | 20 21  p 33 31  n  p  n 11
03 12 61  p 33 31  p 33 31  +  -  +  -  -  -  -  F  -  + 33 31  p 33 31  p 60 12 02
 0  0 13  p 33 31  p 33 93 30 21  | 20 30 30 21  | 20 30 92 31  p 33 31  p 11  0  0
 0  0 13  p 23 22  p 23 32 32 22  | 33  0  0 31  | 23 32 32 22  p 23 22  p 11  0  0
 0  0 13  n  p  p  n  p  p  p  p  n 33  0  0 31  n  p  p  p  p  n  p  p  n 11  0  0
 0  0 13  p 20 30 30 30 30 30 21  p 33  0  0 31  p 20 30 30 30 30 30 21  p 11  0  0
10 10 62  p 23 32 32 91 90 32 22  p 23 32 32 22  p 23 32 91 90 32 32 22  p 63 10 10
 +  -  -  n  p  p  n 33 31  n  p  n  -  -  -  -  M  p  n 33 31  n  p  p  n  -  -  +
12 12 61  p 20 21  p 33 31  p 20 30 30 30 30 30 30 21  p 33 31  p 20 21  p 60 12 12
00 10 62  p 33 31  p 23 22  p 23 32 32 91 90 32 32 22  p 23 22  p 33 31  p 63 10 01
13  N  p  n 33 31  n  p  p  n  p  p  n 33 31  n  p  p  n  p  p  n 33 31  n  p  N 11
13  p 20 30 92 31  p 20 30 30 30 21  p 33 31  p 20 30 30 30 21  p 33 93 30 21  p 11
13  p 23 32 32 22  p 23 32 32 32 22  p 23 22  p 23 32 32 32 22  p 23 32 32 22  p 11
13  n  p  p  p  p  n  p  p  p  p  p  n  p  p  n  p  p  p  p  p  n  p  p  p  p  n 11
03 12 12 12 12 12 12 12 12 12 12 12 12 12 12 12 12 12 12 12 12 12 12 12 12 12 12 02
 0  0  0  0  0  0  0  0  0  0  0  0  0  0  0  0  0  0  0  0  0  0  0  0  0  0  0  0
 0  0  0  0  0  0  0  0  0  0  0  0  0  0  0  0  0  0  0  0  0  0  0  0  0  0  0  0
