0 0 0 0 0 0 0 0 0 0 0 0 0 0 0 0 0 0 0 0 0 0 0 0 0 0 0 0
0 0 0 0 0 0 0 0 0 0 0 0 0 0 0 0 0 0 0 0 0 0 0 0 0 0 0 0
0 0 0 0 0 0 0 0 0 0 0 0 0 0 0 0 0 0 0 0 0 0 0 0 0 0 0 0
00 10 10 10 10 10 10 10 10 10 10 10 10 70 80 10 10 10 10 10 10 10 10 10 10 10 10 01
13 n p p p p n p p p p p n 33 31 n p p p p p n p p p p n 11
13 p 20 30 30 21 p 20 30 30 30 21 p 33 31 p 20 30 30 30 21 p 20 30 30 21 p 11
13 P 33 0 0 31 p 33 0 0 0 31 p 33 31 p 33 0 0 0 31 p 33 0 0 31 P 11
13 p 23 32 32 22 p 23 32 32 32 22 p 23 22 p 23 32 32 32 22 p 23 32 32 22 p 11
13 n p p p p n p p n p p n p p n p p n p p n p p p p n 11
13 p 20 30 30 21 p 20 21 p 20 30 30 30 30 30 30 21 p 20 21 p 20 30 30 21 p 11
13 p 23 32 32 22 p 33 31 p 23 32 32 91 90 32 32 22 p 33 31 p 23 32 32 22 p 11
13 n p p p p n 33 31 n p p n 33 31 n p p n 33 31 n p p p p n 11
03 12 12 12 12 61 p 33 93 30 30 21 | 33 31 | 20 30 30 92 31 p 60 12 12 12 12 02
0 0 0 0 0 13 p 33 90 32 32 22 | 23 22 | 23 32 32 91 31 p 11 0 0 0 0 0
0 0 0 0 0 13 p 33 31 + - - + - - H - - + 33 31 p 11 0 0 0 0 0
0 0 0 0 0 13 p 33 31 | 40 50 50 0 0 50 50 41 | 33 31 p 11 0 0 0 0 0
10 10 10 10 10 62 p 23 22 | 53 0 0 0 0 0 0 51 | 23 22 p 63 10 10 10 10 10
+ - - - - - n - - + 53 0 0 0 0 0 0 51 + - - n - - - - - +
12 12 12 12 12 61 p 20 21 | 53 0 0 0 0 0 0 51 | 20 21 p 60 12 12 12 12 12
0 0 0 0 0 13 p 33 31 | 43 52 52 52 52 52 52 42 | 33 31 p 11 0 0 0 0 0
0 0 0 0 0 13 p 33 31 + - - - - - - - - F 33 31 p 11 0 0 0 0 0
0 0 0 0 0 13 p 33 31 | 20 30 30 30 30 30 30 21 | 33 31 p 11 0 0 0 0 0
00 10 10 10 10 62 p 23 22 | 23 32 32 91 90 32 32 22 | 23 22 p 63 10 10 10 10 01
13 n p p p p n p p n p p n 33 31 n p p n p p n p p p p n 11
13 p 20 30 30 21 p 20 30 30 30 21 p 33 31 p 20 30 30 30 21 p 20 30 30 21 p 11
13 p 23 32 91 31 p 23 32 32 32 22 p 23 22 p 23 32 32 32 22 p 33 90 32 22 p 11
13 N p n 33 31 n p p n p p n - - M p p n p p n 33 31 n p N 11
83 30 21 p 33 31 p 20 21 p 20 30 30 30 30 30 30 21 p 20 21 p 33 31 p 20 30 71
73 32 22 p 23 22 p 33 31 p 23 32 32 91 90 32 32 22 p 33 31 p 23 22 p 23 32 81
13 n p n p p n 33 31 n p p n 33 31 n p p n 33 31 n p p n p n 11
13 p 20 30 30 30 30 92 93 30 30 21 p 33 31 p 20 30 30 92 93 30 30 30 30 21 p 11
13 p 23 32 32 32 32 32 32 32 32 22 p 23 22 p 23 32 32 32 32 32 32 32 32 22 p 11
13 n p p p p p p p p p p n p p n p p p p p p p p p p n 11
03 12 12 12 12 12 12 12 12 12 12 12 12 12 12 12 12 12 12 12 12 12 12 12 12 12 12 02
0 0 0 0 0 0 0 0 0 0 0 0 0 0 0 0 0 0 0 0 0 0 0 0 0 0 0 0
0 0 0 0 0 0 0 0 0 0 0 0 0 0 0 0 0 0 0 0 0 0 0 0 0 0 0 0
